OFF
77 150 0
-35.6078 -77.511 2.62249e-09
-29.2254 -78.9408 1.23848
-30.0839 -87.4685 1.28398e-09
-28.1858 -77.8314 9.43393e-10
-33.3974 -80.8657 3.12084
-34.4281 -79.4347 1.79107
-28.3795 -77.6403 9.88883e-10
-30.7923 -80.9583 3.1641
-25.9752 -84.0548 3.87272e-10
-31.5864 -83.1461 3.69834
-34.3715 -83.3825 3.05127
-37.5076 -84.9733 0.153417
-32.4595 -83.0061 3.75844
-32.0594 -85.0216 3.09969
-30.8981 -84.2168 3.20582
-36.5394 -83.685 1.27062
-37.4929 -82.8955 0.204444
-36.3202 -83.7812 1.48961
-34.8507 -83.5189 2.67903
-33.8792 -82.6692 3.20127
-30.3596 -83.3314 3.2815
-32.0511 -82.5582 3.8842
-32.0368 -81.0136 3.23714
-28.5425 -86.5964 0.293685
-27.8274 -85.2085 0.769221
-33.7365 -82.1758 3.2298
-32.1098 -82.8024 3.88076
-31.8049 -82.8699 3.80685
-26.4511 -85.1518 4.84716e-10
-29.889 -83.4503 3.10883
-27.343 -85.1913 6.85795e-10
-27.5535 -82.9826 7.53514e-10
-26.1603 -84.2086 4.27662e-10
-35.9307 -77.8296 2.6925e-09
-38.1424 -84.0587 3.13507e-09
-33.8009 -78.7385 2.20319e-09
-35.1481 -86.7127 0.391316
-33.9641 -86.4137 2.16992e-09
-33.0754 -84.2876 3.21525
-33.0008 -83.0531 3.55516
-34.1793 -83.4386 3.12727
-32.0592 -85.0213 3.0998
-32.58 -84.246 3.30079
-32.7788 -85.4414 2.46928
-31.2941 -80.4381 2.6829
-30.7068 -80.9183 3.12507
-30.975 -84.2379 3.22319
-32.0275 -82.5312 3.8738
-30.3811 -82.1755 3.22946
-32.053 -82.5756 3.88582
-29.7338 -83.4045 3.04745
-30.1618 -84.9944 2.27379
-26.0035 -84.206 3.92288e-10
-27.8285 -83.7738 1.51476
-29.4712 -83.4814 2.84419
-35.1368 -82.9305 2.25122
-37.5923 -84.2098 0.388771
-37.7398 -84.9986 3.03556e-09
-32.3986 -82.2531 3.7424
-34.439 -86.4253 0.998661
-34.9564 -87.3381 0.0865521
-35.0272 -87.4117 2.40089e-09
-33.0609 -87.705 0.630864
-33.3974 -80.8659 3.12093
-32.0592 -82.8697 3.86409
-31.8468 -82.9327 3.81132
-29.8172 -85.3723 1.82858
-28.6739 -87.1718 9.68261e-10
-27.4895 -83.918 1.21085
-36.6483 -83.913 1.19818
-38.1148 -84.2063 3.12748e-09
-31.7269 -82.2532 3.74507
-32.067 -82.6041 3.88672
-33.1289 -84.2098 3.23523
-32.0598 -89.1102 1.71521e-09
-34.8631 -79.3998 1.4044
-32.0819 -82.5465 3.87805
3 33 75 5
3 22 7 5
3 11 18 57
3 31 32 30
3 31 37 35
3 33 5 0
3 33 16 75
3 24 29 23
3 38 43 13
3 45 1 7
3 50 21 20
3 38 73 59
3 5 7 44
3 8 3 45
3 74 2 67
3 31 2 37
3 20 21 27
3 37 57 70
3 35 33 0
3 37 70 35
3 54 29 28
3 31 6 3
3 25 4 5
3 9 29 20
3 0 6 35
3 5 1 6
3 3 1 45
3 28 68 54
3 37 2 74
3 5 55 25
3 41 26 42
3 13 43 74
3 11 57 61
3 74 61 37
3 55 15 18
3 34 16 33
3 6 1 3
3 63 4 25
3 71 7 22
3 71 48 7
3 48 21 50
3 63 58 22
3 5 6 0
3 35 6 31
3 13 41 38
3 46 41 74
3 45 48 54
3 28 23 67
3 45 54 8
3 20 27 9
3 30 32 28
3 67 30 28
3 11 40 10
3 73 26 12
3 74 41 13
3 14 46 67
3 36 59 40
3 36 40 11
3 34 15 16
3 34 17 18
3 10 39 19
3 40 39 10
3 67 46 74
3 20 29 50
3 58 21 22
3 24 23 28
3 63 25 58
3 72 26 27
3 32 52 28
3 14 29 46
3 30 2 31
3 67 2 30
3 3 32 31
3 8 32 3
3 35 34 33
3 70 34 35
3 11 61 36
3 61 57 37
3 55 18 10
3 18 15 34
3 42 26 38
3 12 39 40
3 64 26 41
3 38 41 42
3 38 60 43
3 61 60 38
3 44 1 5
3 7 1 44
3 7 48 45
3 46 29 9
3 71 47 21
3 71 21 48
3 28 29 24
3 50 29 54
3 21 49 27
3 54 48 50
3 14 51 29
3 23 29 67
3 8 52 32
3 68 53 54
3 75 55 5
3 25 55 10
3 10 18 11
3 69 56 57
3 58 76 21
3 19 76 58
3 61 59 36
3 38 59 61
3 9 41 46
3 64 41 9
3 74 60 61
3 60 62 43
3 25 19 58
3 10 19 25
3 22 4 63
3 5 4 22
3 9 65 64
3 27 65 9
3 67 51 14
3 29 66 67
3 52 68 28
3 52 53 68
3 8 53 52
3 54 53 8
3 70 17 34
3 57 18 69
3 70 56 69
3 57 56 70
3 22 47 71
3 21 47 22
3 76 26 72
3 38 26 73
3 40 73 12
3 59 73 40
3 74 62 60
3 43 62 74
3 75 15 55
3 16 15 75
3 12 76 39
3 12 26 76
3 66 51 67
3 29 51 66
3 69 17 70
3 18 17 69
3 39 76 19
3 27 49 72
3 49 76 72
3 21 76 49
3 65 26 64
3 27 26 65
